100
132
1000
7
111111111
1111112222
374687403
485800710
225777790
66
319977315
222244456
549999999
177148969
666355106
5458
3299
341113333
287308888
131112244
913144496
111233334
122223333
112334881
219999999
112223322
207703218
635677789
596372035
623445667
769999999
780578279
418961296
234555223
375789695
127791314
769
111111111
811112224
455668249
5060
999999999
224455517
6
111157706
111122222
668011552
727
384498574
988218808
232485753
660864858
122332345
8580
512445887
1
414315279
444940133
800
32
811235559
454697174
711111235
111111111
100000000
123333443
111112222
570922432
111111111
130
533
123883381
21
848
412333346
215408114
112233355
112334446
344556627
223445677
1236
109999999
133123669
42
300011223
612222334
3316
885050173
691125579
10
150392876
372723525
724423619
648659597
572946748
222328780
2220
809287802
815786119
711112223
511224445